4 14
30 10
1 10
15 25
4 0
23 19
9 16
2 1
14 8
16 1
22 7
30 29
11 30
22 7
24 20
16 23
11 23
26 23
15 15
30 19
16 16
30 2
31 18
31 10
24 7
6 13
8 2
30 16
17 27
21 10
1 6
4 3
30 17
0 26
6 4
9 26
14 7
25 10
1 11
18 20
19 14
28 23
14 24
11 20
4 2
14 25
14 31
4 0
6 3
23 24
0 3
28 16
27 31
25 19
29 2
6 28
21 13
3 19
13 18
31 15
29 23
6 9
9 24
21 4
4 25
26 15
14 6
29 2
15 9
12 8
0 21
16 0
24 4
5 29
18 15
9 28
7 14
21 20
24 6
1 20
22 11
29 25
17 4
16 8
15 12
25 17
2 1
18 16
12 2
27 2
3 9
19 29
29 23
0 8
30 12
29 18
6 0
1 31
7 1
13 14
